$ANSIBLE_VAULT;1.1;AES256
63623837326634373737346333353538656538313336353137646162383164636663633038323235
3165306562626566613032613262653764623838356663630a623333336463353530363166633263
30393166336261373864623438363631333832343963643138646438373861396538373639636335
6364393133343436330a313439313433633735303366373838393935623662303565343033346165
64653265613137326330666230326639343631623132626461343435366332643331666130653238
64623639623663323339663835653438363033353562396632623935323836626233643131656130
65323335306436653639393836363231633864316538613138376435383133363536303865373637
36376335333739366332626632393038366635333836323732393261306363636637366136306431
64393161613564343437666538343235663536373932343433316235633939346137613534366262
66336636343933303835373635376430616539623930626333623361613462653231306533653166
38623664313162306538666632623032346439663734656638613636383233623866353062386137
36346233663232636531323363636462336561613837303666373333616565623030353366613765
35373265646462663339353166393563353334376235396635353336316635353136316235386132
63306631323664366330326635353262323635633364373861343738313564616461656566663865
62306438613537336532656631323362343861326161613263653230353362363835383266626664
30353635303737326236396161643166333766623533376266626365656331613361343331353832
31653139313066353036643731363830306539643730623436393138303935623165633534356533
32666165316331653032333334626532663662373166666133613465653338643162383362356462
35306632356666353462646462333730343632633131386637383938393765386232336239396430
61353930396362336539366635373236613665393166353266363661323135316262303965316262
31636164303265663438326432333130313639656264383932393361343232366131366234656166
37613236386532633661356136633033306239383138356432336161386238386630353830623061
64336463303463656565336534643333383930373233326565343862636538316330643761333934
39643838383765393933636165363031653230646330373563383937303463663030633462316165
65666638653365326333306563313465373166323732646531393934666134636238353561626661
30633664323736306632623039643839333466313838316662343337373166643463323439396434
64336337303061336262313037303739613834633766313233313937333263633036323264363937
33306230393236636634396439666661616430663832333637386135396235346165643362653934
38323165663636376236353439616132393437653837653333306334363763323362323230623638
65636535626636653232376635356634663033306564646666623638626563623630616337376639
39353334303961313534396566383131343532316334653966653961643965646165303531393637
62333735616365363637326234316637663962616362623532396438623232323262326633303730
38396262643231646364353432303335336333393064363062326266613039323865313433353231
32373231333762373531366532366635353339363838376431383330663564396134313564326366
66366432303166323130346132656634336266383362656133323930666335653262623034623435
30613364646366396265336565323735393261393438313262363262326466363630326334326362
31383535393766373735653435323637383663366363336532363532373936636131613832363564
66663935343133346566313135666237396362383162323439393166306437373839336430396131
63663530663766623262666636373430633335353430653737323833323236373364656362616462
38616665303563346237633130383437373838303031376135393436613334616437613364613139
30666135323063613663386636373935363834303433313561653630383566373636623365656463
35393265336665613838343233626638366362303334653630613337383061316639616530383838
66313939313834363131343465383535643064366362663836323638323430626637323537303961
39666434306234333432383336323135343561383661383931353334366639306334306165656138
36353630336337376139653539653462366131303766313935316363366232646236313339633462
39353363356161646263303265616662326532656230636361386135316464343932643232366330
66633639643330326439326263646338383733623361646433636439353037643536643632633737
36346663333864366433633233343465346139316438376464356139303830373537323239363762
65626162333630353730333838633462646363666136373335353862613435626336353635366362
31313665343231626561326666353634623638333135336130653834656434343136616533623030
39323735343265663230663332366330333633653161383638326135636539363865626639366333
61363030613664346439363032356534373539333139613061643939613732306135623638626131
31333032306230373464346633663461653439343861396535353261656637636563623635363063
35636639653435626631383161363964663130343861326233646233336535346636383265373133
34656430616565323432303136383565393936336332336362316364333733333336643933656263
31663736373732663336636539353366346263346264363530636239326137636263323561386437
35613966316632353435396335363331373938633761376130663639376138633036613366633066
65333130343435346339613032343030363330653735383066303336346138386333623338356236
65613138353765663262616137356635306665636135363165626336353737383962303931616266
63666137323130373738656530306265303862346564383631326461613335333263633363353535
62346132343530613364303334626162633139323566313933336537633738303662383439643163
66643661316138323262393264633538393934303835353436303139326162323565323432363838
63386133396632623938393430373631363430626161653438663763356437643939326166333166
30386430613738626134353333353530366532656362346563396331333537626362363863373136
30343161323261393630393339323166656638623566626631343131623466666465666464626133
65666663366631386161343438396630623761366533663538623130393636373234393462646637
34326333306339613337613034373432393135343332373730633361336566633039613763363461
35363038366466653233386636333937393066653061326661326162333330366264363539386238
62306363303965313338306133623439633639323735333933383430376665613834333862653461
63616365646335616431616165643062326661386563343835393532643933353932323830653036
38393332373038303363316131313064613231383933636333386639626139386235626233663137
36666439646630646334653765633035313161613463663364396233356232343930613839663762
62656338353065613535623238313365663462353337383837383037643630326564346431306231
39666434373630326236663564393036303865653362353463326536323736373066643561613866
38356133383133623234353738326162646131376135326237376138616166616532653436326264
35613032336363393964393864353339363638643261366231383437303065653861626231366564
34653837326438373638343630643837333964616237393831396133666262376539396237343165
34613138343236636533663763363138666630353932393830333064353235376133313837313539
35343133346466343263363134323364313132396439373038646637663562373930323433653166
62666662613032396338333738343737613966376433623732353437333535623231353432616530
61666539373138663031376333383766313166313634616139633566353936643732636562623461
34396264393431666638323338633830363130346333633233346435306434366161363132653934
63303534373430646562393663386137336539663631363739626339336565303464356135366432
65653165613234313332356438666233646237353065616631363661356163633139623630626339
37396235663139646665386135346435343336313661623463633035326636613839353135396532
35383637636334626137373235346531366565303864646233643834396135333930326361363033
34613039326536666534353063353861653530373338326535326439653634613864613436386561
39343761613636373830353730323133346532333266383565626137336231306137616264323862
30626239653763653036626638633862623335373564623461643031646635366165653662313637
63303936363430616562326634623331306637343536663231663338353338313838383536363165
61656433333264626665393261336632373661653633376634303936653434643734306639356135
36376636616666653639616239393761313930623131326438653534666365313961383630356132
65313036383133613334396361336434656565383035643938646439663366336663643734396438
63326463306538636339656661323031353664653564323331613238636139633235393866616634
61623436353261356639613730636238613839316438656236353636633339613163323539313230
35356539646435313862383261326664323861383438663336393561633162353732393639666262
61333938636637663339643161663565663139383861303937643335326635353966333264383663
34353335303639643939663038373362653465623535333930323663393130656332343834373035
63333639306565666337653839316565633431326132353735663363643663343261383231346135
66376462663437326339386632316465396230376537656438313266396339326531646163353138
65633664646363656466626234306365326436363132393961343131333337303434336563376462
32373662326138306339333965376437373864613966316531333731306366633835353561616637
64393833613131633263346633306137396630663535613631316136343632373530636565313232
63383130383633323335653062333963323132633666323930376338633961666566663532306161
38363237646433623035383736343137333866306266316330343263626165333137386364366337
63663130616664646166376432646335626165656131656433343532326538653031333635343239
65626161316334626161633837316334636336356238393937383464653433313835653165343337
33653866343766646236306631326562653935386564633436303166323733336335323939333765
38346665316232646565393361653533383635396533633764313338646562633231316237663230
65613230663938643734346637343834646539653933623661313032333136653135353530613630
63383234613364613161346639326232383965636161326634623665366530623166643433376134
39366439316462376163623734343434303366353066343263356263386134636266316333353362
39633038313966393163623332626133656264643566333966386237316438373337633864623035
62353039336462316438656466356536633738376436343237366630373739663136303165356663
38643461383438316537396336643534323863303937663430396565306465353965623336626135
61613938376566356435306134323636323961633032646135323065353736313736356163373136
63353039386430616534653637636235653939663964636135386135373938663539363436653461
30663333336436316463353936336332633232326463303232366630636335653137376133646661
66356562643433373732656163303766326636616438323866633937623633393233383938383364
39343863323235366237613335613237333465326336643738666162333862363537333762323162
30363430363334366162393934633966383431653838656666326530373566636130353335643463
62306561356231313232303962613330306439323337346138633137613132383834373431396265
39383739393633616361643332393931626462353536303761636231316563386636646236313065
66373264376233396165343163303539383433656134383363303431346364616161373561623037
66613565353764666366656166306365633766353631353230353434643664646565636166663534
32626566353661386239333465316236373366393630356530336139393962363031656335376136
63336465653835376535303464613665323432343630626330646430326235376338653532323061
33396663363134336161353533636538653364663563663632346635376363663633393033663765
31636264326362313735316439353637353830383331633462303435313634386232666436396239
64663265393761393338613565346235363664616161326664633634306134376638336235646332
61613538323332303663333163373462376532653730656639366336316564346133636136616432
66393334343431333539393066326566333164633431313862636361666266663432353330316131
31383664313138613237636130616135346230396132356265646539613439613834626530313763
39663835386537313939643230363633313138333631653839663837353836663036363538393335
61346631313736336639393232343735613266356132656438336261653636333930383233353935
65326130373462346230393738353330316230653066343337376335396437396362396539386638
66323738356632346535633231326431613533313165613036386661636238326534363737653665
36643439623363303632313531326461303562326335363561633433633632366631343936323030
36613664636334616661336537373232356566616466316364663632356135653430386138613964
31353931303031656363346636393037343036303761366263323864316461356437333430613530
62633763643065383364306139373838633233303034663161626132343732363336353137636661
35633738326363313266366232393864333238656337356239356531636331383734383865653831
66313037333236613763383562386634343035643634393963636632393561306535643131363334
38346634616131656639396164666237613833323639656534356138616566643431396339346632
32393436653835653264333939333534623337376235653764623066393130653063653136346437
66306565386432346137646135336433373432353662323738623338366335306261633630306461
35623633356537613464356666616663383830326237633664656237393334333837343430316634
65373163313164333866623035323762636436396134633137656461343937373632353338653837
37633334663332653234363166386437343539613632666638396237323330663334623665323463
30613238326336393335653261323465613334326132633065633435663637316462356162383533
33636433316236386330656235353137643531373831393732373036366336363633373664633764
63643630663964643532646366343964623533646562613732656438336264376539616533303839
64373662333636383332646230646661353964383961316165666132653734613139373264633139
35636239626139343664393137653665363333646637396635363334666463633538653764383838
31633732376131326535343964353537613232666666343466363262393763383064383064313737
65366236393461333763633538643036663938623933626230616263363665626636353231353266
35656562323039346533663533636239383366376134623063326663373636653931616462333736
39316132336435323435326538656233663262653266643636376636336637303837393133386231
37303966356237333865666436366262623634373833633862353231373937333431356639643031
35653139653037646166333833643361653763666465653632633937613330303161353730356466
65666437356337393735316639663032656139623030316134306230636235373138356266663737
36636666336435306634313630396166376163623763643363633063336465323662396131393365
62373035633161623065653339333163633566633262623834343034383239326166343864663331
65306466373934656234646165346438623264663934316131376630346539626238636337393933
64386466666664313364383931663638613637666435626236353764316635346462333332343037
63336631306363373766656362393435666531666261383135636533343838653065313335643939
65393166353735326533313161626237336632656231633630316633363835376466343363383230
31353334316336653466663337393436623265396266363761626432656665613965333431613761
62383731353463306538396661633834633836366665383033636564616334623536623164633033
64313933356263353136626238626364306336396536633463313263396431376435363762303835
66633363343939656466383139643032393965306566623637356166363936336161623465323933
33623333616466323633643865623435323439613464336130623462336564666130346438393864
36633035343833303132393536346261656361353065616438323834663635373838633565643134
37336634646535366663653235303161386331326233326466323963653263393763383466386364
61366633613830636465653934653134656133323963363861326264386431316235356330393364
63643936343031313533373531373961343732303564636534373539363739363532643033396334
61306534303936633131393835653862616365616436623138653434343665626138383933623837
31643031353038663039633462326634656431326239313131333735643337626535393136653865
36353239346231393163343834663734613964396363383035383631373231353861383763303961
62343662323661653534333034653662636366353565616263663633333936393662346266656466
32363564396434356439356130333665623634616230653538643035343537653639336433643866
30656566373231616630373439613234663238633564333638663830623565393333346264336132
34323264386231356163396162656433333237376537666338386437643838633662366565366238
31353137646436613330383565376164366635346636633537313134323835383936626364646336
33363939346465363163346139333932316631336362643166376338346436376261633961326236
39633437643561303933656337303661316234623337663961393262666535663239653333383731
30646639633964623637303533663562333162653733626363383732353034653932643961623036
65353035613731633739666163653938626266393431366533343864363337623737326439646662
37623637383036316537313266343932366535336261383137303464653166366366626264366264
66326136333133643964343032616635623037313336333730656464663664626563653736386638
30376136383534313231653636386438343839393532396133626236663065333064613534393364
31623263316362303734643465363061636262343038326363376230396637656662323465313036
37353361396630303530633962346639373033316164376364396334613330313638363761363434
37363735306536316536373362616562636633373935666632613765393031643333646666393734
62623932323861663531663061306533616232363131396562633630306361396534393034323735
34323637316363623363626534633530323235303862646262363131353164333964366332623764
33616235636232613462363966313938393963333862396162333236613362626433363135653033
31333635306238336631386466383730653065333931336336336331633861343563303835336261
33396634646334613362386365396262663164623630653332633464333338643636306134613732
62323032366234353435306332653230663162356465303334616264313962396338363837643265
66386434386266373731663664303936353336373532346234383835646537633634393633386466
30646364646638373364643539616666383834316239346436313533663962326635353261613031
36643233616530613338626332363630383335353066336334633764663066353166623065363331
65396639346433363532633433313237623937633931326634333963346462666435353135383330
62363935626131363932356233666437386637353434393933346664353066316363343534313362
36346362343834326339316266353735393735336230636366643936353935666635346536396236
38663363666538353634336431323933623131313739353736623565333761313838313364376334
30333166303833623530396362333266633632356165366636623961363639306233343134633263
64393832613764326264343139383732306131653539646636336462653964326136316534396136
33303337306664633838323565636438306132646134383736323633333735363734316336383035
30663561663230306632303531663266326533303536366131386362346137633062346534323466
65616561626139326430663231313763623634386137633935326461333863313565343465633863
66663838393233383137343961303937653865366539616164353739666235393362373031663662
33356230643461633061383833613036643534383731613439373064636131653566393732636338
65306430393563613732663835333164313262363632333365303365353535333062613830663034
66323137636430346439346566323865313934653463653033666335626635333439306433383962
38626333373735313263353166643735333766303562386465393632313839346663383461396230
31643966313436366432383239653738326433656534333636323436613161336664333262313264
62366335626437373939343033643565353635333161663431626361393163666534373266383233
65393832313637623664323136326439643634313137623162613431373235396638333163323038
31343561643464386165643231633737623566336138646630303536653765666634343534343161
35353665663939303563636163656131346334633035373764323461663931333637653363373262
30653632373539636132343835613861343232323862656663353234363332376231353766366232
63663334383332646538623565633137373363323464626533373762656362393761636262323465
34353762323134303465373839373766393062363732303532323634623235633037656131343234
35616338653134616334643736356565313136636334633662323465333036393036393930383839
64643333373938373833373131363837336565356664363665316164666338363839643836613063
61663931383534613166323039383338646538646132633435663235663237306336366362666563
39663737393532303432333638626665353266393037343465653939323432616136653932656231
34343565336265316565653461303433633233353835663662663430366133383166636562623731
66656231323535333565376630323035373237303163353763346163383930656539346436383262
35373533613932303865373239323764306238306537323636313634393738646332323261363964
35306436656139666165666336646332393639633962383166663066336561326531323961623733
38393836633332616165643366353431353230663665383164646333396261313835323331303662
38616136373262373464333232643039653430303336376533366564363966313962393662333432
39363865393263366464343338643333333963653635626131663163303534623761653764353332
65383461346566376434353166326533303138366436656430643438306634366165343333653963
65346663323335323034663034373466653332376330336137613435383039626131663739326534
38626266386434643632613232316366313436323336323339383930633331396161343432366338
38333230366532303562646538303631373835306466316365353530623737393963373830393765
32373430313935626331386165306637666131646632623862356533303362633861356365356139
64656634616561396237373031386665366564336664623461333334323838373339626532386464
61323430306636336134376164353963646637653939393265303030323335633937336636303532
36613262616366356137653365346531616639313933653533366337396138373432386330303333
34643761373136313062613332393130363930346336633763636634393136616331303962383961
62373934643637333162356135663463333132386633646637613831336464376566643136343835
64336633333030613233303961633430313265623532366632663039343837646266623136363935
30393639646636376262656631343332326639363133313736656537356463393563333038386639
61303864653431386566333637626163636430396232386266343730383761623062336365396331
36386131643639633336623762343261306537643433393764396539653234383133363435323662
62303031303262333935303833303639663065656364353939356633646331616438333834373961
66376332343736393665616137373939653930663430393964313662356433376465333262613737
35613931643361303935313337613166383138346666646436356630633164343634623938333263
64366662663264383164643134383261353537643639666133376134313465323361343631373166
32643062633735316134313061653666363231626535363132383162336534393661386264376461
65656435393838623732656562616239353237306666656331666639306632653064623630373839
65663663323631386565386364336236623734626630386337666231643863323166663331646230
37623535303162303265333633663061353061663565306639323538356663386130323364393734
36316532323936643065616333353239386264376362646238326361383239653333623761323033
65303763326162313730353631316630306664383631336663316634653465646531306138313033
65363463646234353034633337373436663038396437343232623935663238633038306336643630
65373865326365303761333630326161333961623033366533326264333832383331653330303338
32666139333732303763303533656133376561373837653565366133326635623865323639383465
61353862363838653434646139373262663335336563393733353166323836633131326363323165
35636364326263363763653335343966386133323366633939663465313338626366396663363536
32623735303965363031373130643537656235346364313264383262383266663835333434656333
31333766633939383835333531346165346233333233393030396630366561663038623039373930
36666631653335643034616631373764623266313264343164356638383166396435646631623762
31356264396538643838393638353263376539653036323236363161393532383261666366626162
62306237313331636366326138663935376261303961666438306266623634393864663062393165
63646463356338656231306536663634326634313439636265653063393538343163666465326537
34303466613038326336656564313066653162633334353965646239656139626233643965396238
36623362323666646432643333663362663539656466393933663236646236626638323564653562
35636532616161656134383434643031646336306137613630666166616236343233343335626635
34333932313633373735303230666238353063653861313639626262333033366234376439663039
30633131303662393235616332613736643830633462623730656566656139373333383065363234
64386233633163653166336665636662656266386665666534353230633836313135613161376664
34333063363532376564383061643937616631623762636662326465613336303933333965346434
32613564663834356663633164636365626366666363663132343266396665326663393230636632
35656463623561626434333138343130653536636236656561303631343231653337383437656639
39343534663331393163333932376230363665386239633966613433656534373634363934366439
31313233636438623332316262663033393463373439316261366363666462326338386665633030
32326231643937313338653832616434396234353561353737663065343363313935633964656663
30643864393837663165323132653837306166616430336632663033363134613063363465646234
65383130633062666461653930666630316239353466316339396162623930343035613363333933
34666663363632313037313139653963616232333130366336306164643435653932316565363338
38366631333266356666663966653934623066646434316431366234626431653232646265616334
65613135613865346666343735336664353034383538653966316461343765366630626366363337
36313835353861346332346334336631333736363532313431356462643030643764326335623963
30303163663064303332313562303161323963393733326532343562616132393064623564383163
38316661316465663962616134613237373432626138623263383637346665646565653732633931
36383933613637616564666532363635306263363831383534646335623631363164663036653537
35346435373835386664633436363531653464363164653633656564663037323533626164313833
34333963383837646564633533633961393566373865303261353332613666373235313030386439
38623035616266333763376337356633633439366639393638326535633635643739343631333530
66383236386562353766663030373535333730656164313432313236313039386436376432643535
35323130653461353862306337383338353131306438333431323432653932653965376238643130
38646462396637663062303637366233363536346561633566383133343636353863346433373131
62323363653335383363393464613130363736363936333739356364643264373734626137346334
39623439303934663163306364393230663764616461353637663731346633633733373833333036
31383435333932663961396438613737613637393765666335636161333832393366333230306235
63663434613430353966376135633639653866653936643236626632353163333931346563643961
32326633643939633762653535336263303336313233336663393834343262353961393465643365
31376332386332646439623530643362626333313461643130633463333166343261643036626561
33363535613032653831643363336666643364663165366461383835653736363561633363363936
64333535303466346630343863353236336135313164613635646662633837393465356137333261
65373936656366373066333337643766643762623363313161663036323164623036656534393766
30333038326334356664323761626332393133376465646662343934386265633534396237366436
36366536386637303262373963613538316334326531393936363334326334386637383931343666
66336563376333396233346562346532373865653831336366356362373636653161383065336164
30313733356633353962626164356261613164346137663366303439363337656566666435623861
61353436333237613731346637306232336337323334643435366661393336356130336238633462
31343232386130363234636538656136636466343030616637653330356562376530643236353366
32366335303039613863613666323838383964343661376161303064623430616233396234373335
30383164306238353633316430613531383132396663663036343962653739343534356639623764
66333038303631663933333166396463396339626561313765356235303633313931656135623866
34353334646332376336366131616438333066636335643962653962303532346535616137333064
33643439363563323565346431613635313664353437323233633132646332653933336563393736
38323866376530613433623164333732363130363434366361646530366362663164386665393936
33646531383634323162656430373734306434343732646131633633336361333638386636666665
62613463653739393333636539633334656136663265653338316661356166323838396137386264
38383566643363333362376439646639393131656535333333326336613166393761666434393130
61346565613364383634396539363866313238343936366263313436643333656163636233333031
64613034393231656335646664613633653962613563353665656530313230316262376639393634
39303062363965326333663438663533643937626538336635336461383537663266333938363532
66353862363638373135376137383235343462343338363462626362303666636339343138626434
31663764646565656338336361373336316331383938323933616163313366306232373536383766
38616535306631613335303431326164646364613239383635613564643735383536653431336131
65666436313663396338633331396462366365613334316139306664393639313737666435623038
64383038363438643031643634313861303831306334633030623162353163383033396339313537
62373165333565653462396334633031353462306236376165353334626531393534633736646664
39333037663538646631363739393838396330646639393764383835656363343031313433383164
34636632616136663363666466303464633138333263653962623763346237663230633036663930
66373438306661373462653437626337643336633034363330633632373832653437633264396166
66653663333532653337623430376235383761393335623134613335663632633034623438666438
32373364666636646662643435653135333837306565363962356230363161626538663062613933
65353061303832343762653864396539653031653033636264353033383061373237386535356130
66633063313131363532336464323833393336323064653332613135303735313834663739383930
62353336376262373036663264396562633034316334356535326561653333383436326664326634
62353939636564366434323239363630323133346465653538666236343835316236333337656135
34393233353166363738313533383539613266336632666234333231313936653230343933376165
63313966336434653961346235663966373864616663613431333561336263326432353463373234
64326335613461613065353939353334623264323662633932663739643733383334333761353963
62633461336361383937373137353132646665626464666235613335626161646666393966353239
63633831333662353533306361653431636231373665363362363062663065343933626461396631
37663333373534343433323866363763386630333266633433313231313639316165353234363861
33396231393862656235313962316435336431393963313733393238663861616364646438643535
62643937356462613234626562323832393332353264616138303238333934346334333339323765
37636630633035663634333032336638333464343630363364326366656465373661636536336433
62616137333561663565376637363161313637613631643133386334376630313862306132363739
64396636306232666139653033613939663430626161366238613735646166323638346133346330
38373465653132653439633439363031376661303765376661303666656133346630313562636537
66343965353361363664373230366633613964623930393462386630346163653465633862353663
39343833663531303862313335623930623535623263366133393461306364323431366564303762
36346330656661386338383830323662666266306633316231316430366463303739616134663663
31636265323630666533616564323438346161653637366162346537323333616163306139386661
36386633303865396535343164393337333162326465653739333930633330306136366565306565
38363466633836376335323439353932626130646164333430636336326262353435386165383139
66643061346162336662336530653539396362663636316639333130623833626233666366313533
66336462396566323264643961653961343363343430386233313866636363663634383237363065
35353938396232646430363930343535383563376665303839393961623834656434356161326663
65336139346134363864636131616239353766643735363737306633623466386564303363393761
32646664636161656133616630353437376239363862643761373161663934383831313665393935
32616664396434343463343639316134386266326561363134396335343030393163326264613764
65373938393063366234313762646139326661646539633834316662316162303166613733353863
34386532306332383131666339373466303666636563343539303233366137653839323930336530
31313134346364356537393337316434616333363935343866363366393837616532393764373332
36646362366335643231346161623039383138633261353463393838376464396131383865646166
39666163313565343237633237333366356266363861356665316535646263663734323161386635
30373739373964313363303331393534626235623033666131663633316164393435653435656430
62356239643336653463336238323939383838363165323066383336373536666434306231353066
64326162376131353066336131303366393133656137616435626239646365633633613362363663
36366638613763613433633237303932326635383037356335346235383631303064376536373265
39613132623134373132303739313436616534323431336664633538356237316261323037633131
36306266346132626132366465333637666561376134316665643939383065643835663566346130
36306336616432363031373834373338646664396664323565623965333363623061343932353966
66323937373532333831613730653763323165623563336636323761333739353433646434643438
31333831643232386561343465386265316332383433323831306234303864656365396636633566
36393838303965653262626363316565303834353562653536323565373233623039633239333939
64643230353964306661316365666535633362356234636636373030303865326634666565663664
66366163366534623739653835343665353733363739313137316663653733646263353266343261
31633263313031633237663937323434396630656230343965333863623263656563363133626663
65346366333633396361396362366438633961643734393366323035316635346233356634333064
62373063323361353532316266383035336636656531653666633430646635356565343232653462
63393130323930353237643632323066363932393637353933653963396238353239323232363461
34626331363663613566656466333035653164326339353837653435393636373439336134663233
32396136653365646339303864306231383432666563386439323334646239366465353836636338
31346438396130326634633364356531663337633833386232373965633061336131623135656334
61333935626530363433333763306465396666343765303036323964636666336139386333386638
33666333643264633334346364306164343037393133393662646138646265373934303062623864
61326231343064373832313962613235303936633132643564656561613839633261366232366564
34613737626530323863616630366538366665633333643135373132353539363935346130366139
66643939353038336233333664396531336664386363376363313735346461643535623037303035
31663539366263393334626239313132343338383939633433623861366638636462646566643534
31616266316435653939323733653533663766633836663830363539313731336461613535316538
33363232373631303331326361316534383232616635313337383566393037333632633163313963
38323761383733656561376634633762353064643163316366386331636138643531386635383330
38383530353534626239616532383862623334636630323461383462353135326664636161383937
62313036363133396233663332383331316563666338316639316563306437646337303562343961
66333834646661303363366366616266303163346332323730336562616236313463343833643435
35643063313638313435633931343434353935396639643866303966393133663162313266613637
36303066646133666231643761656331353364363062373935306362363332326433663366303736
66323033386262386637643935633437336435313961633332306161653935613064393065396437
31333532663339663764323239636139666232386363313465346432623866336430646162396231
36303063623937336434646139646561386637313038383236666439343535303036613539653338
33313631386235616638303761383230396433373361646161323764626337363964623130383663
64333863306463363562633165613134653432386363636165376661346236383161393363396361
62613435316561643332323362653834626331363736313333336232373566633032396562646665
34326338613231323132326632383961323233376633376663363733343265653262366662333461
32366434666561336630326366616636666533613636356436326461616333383935623138333866
61393265356234333034323963306563396131393262346434353861613964656261323363306234
66633535323964303161643838366430316566366566353963666231626330656135376265353233
31396135626638383865356362323964323063316365626566363033343932373361616231613039
64313336383839356438626566653061366239326133323461373961646131353839613062626631
66303033316331333832366137653138353239313137316365626165316566363035626134613664
64663438326139396161303435393937623734613838613266656432323665336462316636643633
33316139333861623761653839373039343033333638346334643431623364656431383337363162
61336233623965346362626438376265363265613939353264643063386235353433306561373433
34666566666639303963383934653561313335336632323439363430366537646331306364353738
65653930383730613039626439643065363261376261386339666162653361616134363165333037
65663937323938303038653536383536323632343266613034356331306533373632356531346134
34636632626639653936653033323039356630326264363030656330353464653434363933393730
61366166633837363532613335306535363865326564646336623361666235336639356231666234
64393561353239353733613438386336663961386232373833356461303736643836653436653834
63326636303661373335393534643561306631336332613064393437323265633536313666616665
37366538363935613938386438383338313430323834626562643866306533643763396232646339
34636463646164393536393131313039363930316661306663633761346466613932666137613162
39643939653762366163643435626337386338626361306431373130343361623366653066396231
37303837633034333532303962363365643562616636373336663964643738316666303732353263
38313633353331613136316430373135323365313162623363633137323335646166333837343332
61303263656561343466333638353963643033623161306131613737323937623338356334626337
34333832616137323538633662653736316430643363613030306261633832643232616364356637
39386236336534663238626331313161656337373736366438663165636339623162623730373764
62356565653736653539313264363562393134326634646364303863363338613963383264623862
32303430653138656336623661396461646562613661303330373862656631646237393533346264
34343334333638396134656331363762636638616536363030323336306431336433353930643835
63353461663430343439366533346538616537663564326165343037656232396130646431333265
61363063376363353861323939653566316631643139386462336336396666376164613263366437
30643439363262666638373730373933646663316534653834366130303530646363643163383664
64653338313863393038316437353533323431306263303463343935303435346537613561653234
64383739366637306339656130303662363264356434633163663465306565353565353035323064
30343231626261663932396434646162323938326330313463613266303634616161373462383735
64393162353733666231363662643734326432633061313735353335333135623331666361323334
62323233323061356238626232316661663761363337343031646235623831653538356362633732
61656530613437373136326265343032356161363231393732393132646635656666383038656335
31353933383862663538366633396432306537363532663362393935353939326338633636643735
31306433323864363737616561343237313937306139666463373664306433376338313030666430
33633039303738613230343864343665623461363531333731656332396137663638633963613035
3062
